70957 1 35479
5260
64135 1
52048 1
15607 1
68597 1
34627 1
21223 1
9483 1
58450 1
5592 1
69422 1
17798 1
47219 1
45403 1
58864 1
45830 1
50468 1
46536 1
40642 1
38375 1
26753 1
25726 1
1282 1
13271 1
1962 1
2469 1
44800 1
30150 1
18486 1
59747 1
17972 1
39800 1
19042 1
64132 1
22718 1
20940 1
9470 1
42319 1
15131 1
19986 1
45087 1
70775 1
5630 1
10345 1
19895 1
45292 1
16124 1
52043 1
38651 1
62417 1
29067 1
60482 1
8697 1
26135 1
25616 1
7059 1
8809 1
11031 1
23335 1
7444 1
52011 1
8084 1
16877 1
4687 1
62684 1
40689 1
28316 1
45007 1
68867 1
47456 1
68398 1
70945 1
55797 1
48294 1
5275 1
14892 1
15636 1
49754 1
63076 1
44274 1
22597 1
23961 1
45543 1
33782 1
63593 1
8304 1
19693 1
10507 1
62375 1
70399 1
51110 1
40318 1
16273 1
34237 1
27228 1
56445 1
39430 1
63398 1
38141 1
2849 1
56128 1
34981 1
44725 1
158 1
49785 1
49108 1
10484 1
7155 1
46555 1
61650 1
31865 1
65970 1
14005 1
33264 1
40133 1
70590 1
49667 1
137 1
18111 1
39513 1
7451 1
53375 1
15152 1
68650 1
66620 1
53977 1
23478 1
39911 1
33583 1
49616 1
18524 1
9368 1
50995 1
43275 1
26797 1
25531 1
32453 1
33416 1
26706 1
48839 1
11896 1
35778 1
3218 1
67303 1
57380 1
22374 1
1517 1
42713 1
37507 1
479 1
18262 1
34486 1
33942 1
54262 1
11196 1
14095 1
52246 1
51362 1
3926 1
21537 1
55508 1
28345 1
2366 1
35234 1
4662 1
40126 1
13200 1
5961 1
5135 1
24204 1
2910 1
6066 1
64343 1
28130 1
65325 1
29073 1
16046 1
7923 1
8443 1
43325 1
54960 1
56200 1
22694 1
12867 1
5650 1
1034 1
34692 1
6909 1
54952 1
33908 1
46908 1
13697 1
55097 1
58275 1
1509 1
57328 1
23022 1
1731 1
62685 1
59861 1
23982 1
2144 1
49583 1
13261 1
17628 1
51562 1
43925 1
38087 1
55677 1
29631 1
43614 1
13124 1
56619 1
65034 1
61771 1
29973 1
42738 1
55040 1
20106 1
69832 1
64366 1
19297 1
40050 1
58070 1
57399 1
15833 1
52785 1
25245 1
52072 1
49377 1
53558 1
23750 1
17143 1
14924 1
2406 1
13955 1
41527 1
33497 1
63273 1
50594 1
13011 1
6853 1
64251 1
64380 1
23983 1
44188 1
37259 1
60265 1
6153 1
57746 1
33293 1
64627 1
5984 1
11595 1
46534 1
21244 1
50520 1
8751 1
45697 1
39659 1
36652 1
47413 1
30969 1
24576 1
13042 1
20165 1
49600 1
68065 1
6662 1
12094 1
26930 1
17558 1
18627 1
48919 1
16213 1
12906 1
39199 1
63002 1
58119 1
54024 1
6115 1
20634 1
45378 1
49[?1049h[?1h=[?12;25h[?12l[?25h[27m[23m[m[H[2J[?25l[2;1H[1m[34m~                                                                               [3;1H~                                                                               [4;1H~                                                                               [5;1H~                                                                               [6;1H~                                                                               [7;1H~                                                                               [8;1H~                                                                               [9;1H~                                                                               [10;1H~                                                                               [11;1H~                                                                               [12;1H~                                                                               [13;1H~                                                                               [14;1H~                                                                               [15;1H~                                                                               [16;1H~                                                                               [17;1H~                                                                               [18;1H~                                                                               [19;1H~                                                                               [20;1H~                                                                               [21;1H~                                                                               [22;1H~                                                                               [23;1H~                                                                               [1;1H[?12l[?25h[m[24;1H
[32mW11: è­¦å‘Š: ãƒ•ã‚¡ã‚¤ãƒ« "testgen.py" ã¯ç·¨é›†é–‹å§‹å¾Œã«å¤‰æ›´ã•ã‚Œã¾ã—ãŸ[m
[32mè©³ç´°ã¯ ":help W11" ã‚’å‚ç…§ã—ã¦ãã ã•ã„[m
[32m[O]K, ãƒ•ã‚¡ã‚¤ãƒ«èª­è¾¼((L)): [m[?1l>[?1049lVim: Caught deadly signal HUP
Vim: Finished.
[24;1H60 1
63746 1
28655 1
67636 1
7011 1
39 1
18162 1
25291 1
23191 1
3791 1
2961 1
1567 1
34160 1
52761 1
46316 1
58706 1
45556 1
21531 1
59413 1
46428 1
11693 1
63289 1
68491 1
36240 1
20699 1
21717 1
15754 1
55954 1
5357 1
14735 1
12290 1
20090 1
16961 1
57024 1
32149 1
2457 1
62850 1
41687 1
47102 1
52379 1
38472 1
51115 1
55966 1
20880 1
60937 1
29585 1
37657 1
5618 1
49116 1
67022 1
42788 1
51812 1
18987 1
8978 1
41251 1
915 1
15509 1
28505 1
2857 1
68644 1
66299 1
40976 1
69906 1
48580 1
61718 1
46075 1
61080 1
4833 1
69759 1
44812 1
20162 1
60761 1
9073 1
69072 1
48509 1
57346 1
3567 1
68619 1
32014 1
49237 1
61459 1
5456 1
41404 1
3553 1
5883 1
45279 1
26900 1
38333 1
5969 1
7195 1
21802 1
13110 1
34732 1
69610 1
68762 1
873 1
37183 1
20786 1
48429 1
64651 1
8826 1
6704 1
70249 1
64965 1
969 1
28317 1
50731 1
37617 1
50395 1
30448 1
38396 1
47485 1
63708 1
3428 1
32416 1
17172 1
26898 1
59200 1
44860 1
4001 1
54940 1
27124 1
15794 1
11626 1
40072 1
36773 1
13372 1
66886 1
64195 1
23427 1
24144 1
54495 1
13559 1
12079 1
41085 1
60543 1
64708 1
27404 1
68928 1
58392 1
70171 1
54263 1
21215 1
20313 1
42526 1
61050 1
62970 1
62029 1
58371 1
32071 1
65683 1
8893 1
67701 1
44110 1
43962 1
59833 1
33979 1
56435 1
29716 1
65501 1
18485 1
49647 1
54577 1
12011 1
26829 1
23254 1
64571 1
6668 1
9154 1
66651 1
29531 1
43292 1
48898 1
24830 1
45178 1
3639 1
67151 1
66960 1
30365 1
65934 1
36955 1
8631 1
34445 1
8041 1
43225 1
37093 1
52540 1
70631 1
25847 1
14846 1
25327 1
42796 1
39025 1
11755 1
35624 1
37385 1
14094 1
19 1
58012 1
62922 1
69896 1
1801 1
42157 1
19090 1
21933 1
38498 1
9725 1
46279 1
30282 1
45039 1
70495 1
70347 1
54243 1
67132 1
30908 1
70955 1
25555 1
1027 1
50292 1
69542 1
53593 1
44488 1
52681 1
10871 1
20879 1
58293 1
29996 1
73 1
54060 1
63515 1
67361 1
9070 1
23450 1
41864 1
20696 1
38423 1
36016 1
7690 1
33735 1
47929 1
5768 1
70262 1
46392 1
11271 1
14409 1
35132 1
60906 1
55582 1
70421 1
7748 1
53376 1
29311 1
58312 1
41080 1
5114 1
12701 1
29742 1
34395 1
25918 1
53280 1
63617 1
36764 1
39424 1
34964 1
36597 1
34326 1
20456 1
29905 1
66322 1
33795 1
15007 1
65488 1
32782 1
32737 1
12264 1
53991 1
30933 1
29277 1
28164 1
61652 1
52273 1
32916 1
9833 1
44347 1
28063 1
31463 1
14756 1
29979 1
43975 1
42087 1
28760 1
39614 1
22011 1
67460 1
47108 1
37311 1
56644 1
42692 1
38073 1
4354 1
10724 1
10112 1
1977 1
3299 1
50050 1
25751 1
46704 1
68421 1
31342 1
25570 1
21618 1
8743 1
68309 1
57648 1
66802 1
9296 1
35611 1
18996 1
48290 1
29438 1
41155 1
36975 1
10395 1
48265 1
5728 1
50865 1
19653 1
21722 1
57532 1
48737 1
33111 1
62269 1
35028 1
61749 1
43719 1
5241 1
64358 1
6563 1
21047 1
15938 1
66182 1
30336 1
27192 1
2168 1
42758 1
26783 1
5613 1
37980 1
54524 1
57477 1
35603 1
6409 1
35279 1
6141 1
45085 1
67382 1
8801 1
11881 1
11880 1
35781 1
13827 1
63170 1
55388 1
30289 1
5689 1
46719 1
58280 1
50888 1
60698 1
63011 1
16479 1
14673 1
10336 1
5726 1
29833 1
65333 1
44707 1
2435 1
44898 1
44753 1
53792 1
44305 1
9658 1
70697 1
47127 1
32943 1
7968 1
6415 1
16372 1
41839 1
54732 1
12129 1
53406 1
11719 1
17750 1
13499 1
36143 1
12453 1
17619 1
15494 1
50158 1
9863 1
50571 1
41411 1
1244 1
69857 1
39246 1
70468 1
49539 1
7981 1
30059 1
16769 1
1760 1
51189 1
3253 1
9756 1
64505 1
41179 1
36933 1
33958 1
32578 1
18804 1
50992 1
24725 1
20290 1
19938 1
16617 1
19268 1
46041 1
5787 1
51845 1
28171 1
8091 1
1819 1
46301 1
12886 1
828 1
49391 1
3494 1
31301 1
27455 1
27224 1
36634 1
67472 1
68204 1
31310 1
35438 1
16619 1
52411 1
23793 1
36191 1
38395 1
67633 1
193 1
64383 1
37608 1
26401 1
63111 1
59852 1
8300 1
5245 1
34957 1
27493 1
47971 1
7728 1
29387 1
2908 1
18780 1
50137 1
54168 1
40690 1
59513 1
51989 1
35397 1
1206 1
37689 1
43535 1
1285 1
55479 1
49960 1
26315 1
5465 1
67958 1
44850 1
47292 1
35583 1
44663 1
33704 1
2597 1
65956 1
22005 1
16742 1
70370 1
37412 1
4430 1
53102 1
1652 1
47491 1
46622 1
30209 1
70748 1
58072 1
19252 1
45625 1
9255 1
52573 1
45839 1
11698 1
50581 1
46460 1
58500 1
60415 1
9152 1
54638 1
67371 1
6099 1
35992 1
36128 1
61488 1
15306 1
1741 1
14323 1
46154 1
5164 1
68277 1
35590 1
1606 1
43504 1
43615 1
5138 1
15142 1
58435 1
33924 1
27655 1
49184 1
63213 1
12009 1
25375 1
2583 1
30544 1
27912 1
67976 1
11076 1
30876 1
52040 1
27342 1
28076 1
15962 1
37520 1
1332 1
40657 1
1961 1
61529 1
44699 1
33916 1
59662 1
8991 1
70384 1
36322 1
15196 1
41354 1
55507 1
2515 1
62156 1
14308 1
52850 1
28656 1
2051 1
49739 1
508 1
23057 1
3477 1
54522 1
13861 1
25842 1
32029 1
24160 1
65292 1
55549 1
53992 1
24453 1
53562 1
68997 1
22967 1
47284 1
45895 1
15441 1
48612 1
2276 1
50966 1
9197 1
46269 1
18089 1
44418 1
35592 1
3587 1
66461 1
16373 1
42578 1
5697 1
49502 1
38682 1
47762 1
41464 1
19008 1
14539 1
30054 1
8616 1
49178 1
9655 1
8780 1
26302 1
26348 1
54076 1
47538 1
27425 1
64870 1
50515 1
26862 1
7255 1
4195 1
42545 1
60554 1
15304 1
2074 1
24588 1
27330 1
12086 1
50929 1
27877 1
68693 1
33252 1
57829 1
3988 1
68295 1
22043 1
31307 1
52022 1
70609 1
12282 1
39655 1
18894 1
23518 1
31812 1
32170 1
63435 1
7571 1
49235 1
54240 1
46086 1
57743 1
43790 1
28305 1
29442 1
12436 1
49535 1
66174 1
36051 1
35604 1
13086 1
59514 1
28664 1
43961 1
653 1
29140 1
39114 1
53838 1
16671 1
1138 1
38782 1
59552 1
39350 1
18133 1
52572 1
28888 1
44880 1
48626 1
4219 1
19214 1
65226 1
4160 1
29159 1
64494 1
26650 1
38179 1
33565 1
5898 1
2974 1
17565 1
46800 1
10870 1
66202 1
2327 1
31677 1
53824 1
8126 1
12779 1
70720 1
56529 1
55599 1
62939 1
38132 1
66198 1
42827 1
20941 1
5633 1
36020 1
54771 1
17851 1
66539 1
35870 1
2814 1
7873 1
39474 1
54031 1
54215 1
50657 1
53019 1
27801 1
29525 1
26161 1
48442 1
31404 1
42393 1
21623 1
60418 1
15977 1
12604 1
36728 1
32595 1
27274 1
11904 1
60313 1
3453 1
35424 1
40472 1
48877 1
40965 1
9332 1
43219 1
43858 1
56398 1
67457 1
59839 1
44821 1
60993 1
30017 1
22008 1
10926 1
24221 1
14362 1
54712 1
63670 1
66213 1
24065 1
7614 1
37748 1
33365 1
33863 1
68634 1
31060 1
25207 1
63960 1
27563 1
28908 1
12740 1
70173 1
63141 1
20372 1
57569 1
21389 1
53945 1
23537 1
11289 1
6867 1
20120 1
63427 1
25645 1
27482 1
54387 1
26146 1
28777 1
36921 1
62764 1
70763 1
17425 1
66522 1
2867 1
1834 1
4669 1
59628 1
35105 1
59297 1
39493 1
20286 1
48863 1
56663 1
22073 1
53753 1
22178 1
9652 1
3582 1
1909 1
5055 1
7098 1
55211 1
34502 1
52122 1
11967 1
31662 1
47582 1
129 1
42777 1
12858 1
69943 1
18918 1
66058 1
14731 1
46831 1
15420 1
2105 1
67181 1
12402 1
38048 1
3202 1
3837 1
56026 1
70001 1
6489 1
55794 1
10632 1
36547 1
55304 1
7699 1
10611 1
57318 1
67493 1
65720 1
7171 1
9165 1
59491 1
44048 1
39604 1
44070 1
1930 1
56736 1
29709 1
58596 1
33685 1
36465 1
41375 1
6784 1
45803 1
9066 1
48477 1
34310 1
47195 1
28491 1
67346 1
1777 1
62914 1
70857 1
57938 1
7796 1
42732 1
62106 1
32059 1
16319 1
37660 1
12820 1
27488 1
54581 1
36274 1
42318 1
42235 1
6773 1
69825 1
43578 1
38854 1
14001 1
56931 1
38171 1
52116 1
52410 1
67483 1
16768 1
35580 1
40539 1
26455 1
61342 1
46158 1
31671 1
42231 1
44651 1
504 1
48330 1
49773 1
68442 1
5690 1
35504 1
17509 1
16459 1
35511 1
27462 1
50547 1
54670 1
39868 1
30806 1
50879 1
41794 1
23150 1
53644 1
45025 1
31904 1
18914 1
2859 1
61025 1
66463 1
31779 1
59785 1
23602 1
61118 1
53573 1
14179 1
53251 1
12442 1
17193 1
34111 1
56223 1
65836 1
47959 1
57272 1
9784 1
57426 1
17000 1
38688 1
15472 1
8584 1
41571 1
54063 1
5572 1
61864 1
38737 1
61533 1
52106 1
42301 1
50697 1
47356 1
57618 1
33645 1
59756 1
38334 1
26860 1
21330 1
66227 1
28855 1
56492 1
18218 1
69196 1
70905 1
35793 1
33994 1
43564 1
65755 1
37661 1
12719 1
25601 1
50548 1
11572 1
64061 1
37444 1
37702 1
61939 1
8948 1
57244 1
65740 1
70036 1
10122 1
45431 1
1972 1
27820 1
12764 1
22135 1
60104 1
7535 1
63410 1
54607 1
46226 1
27464 1
40525 1
20014 1
25295 1
57774 1
59815 1
61136 1
38503 1
67474 1
35767 1
2242 1
65973 1
16401 1
67301 1
30589 1
22168 1
20489 1
61716 1
17152 1
37925 1
19415 1
38216 1
66110 1
34534 1
70394 1
69796 1
49738 1
18202 1
11166 1
66370 1
24845 1
49712 1
70337 1
62443 1
47669 1
23158 1
11886 1
27344 1
30632 1
47972 1
23123 1
44557 1
63918 1
54464 1
50918 1
35241 1
13221 1
28349 1
70287 1
46682 1
33170 1
17646 1
20638 1
2904 1
51085 1
3337 1
37493 1
27789 1
17149 1
67094 1
10351 1
4729 1
4892 1
8338 1
49626 1
59323 1
30761 1
43998 1
55631 1
10204 1
12762 1
51920 1
136 1
27933 1
5742 1
13807 1
60606 1
57843 1
65867 1
54954 1
25513 1
7045 1
62293 1
12571 1
8177 1
60146 1
21662 1
19322 1
9093 1
12119 1
7234 1
47825 1
47297 1
13623 1
20883 1
62308 1
1082 1
45035 1
25501 1
962 1
57299 1
68012 1
59886 1
29401 1
19614 1
931 1
43778 1
11590 1
45951 1
36151 1
39839 1
55046 1
44738 1
5791 1
16678 1
52786 1
43227 1
8382 1
30049 1
56549 1
24843 1
19398 1
9890 1
44304 1
37175 1
64348 1
63856 1
45139 1
51143 1
70912 1
5413 1
53865 1
25838 1
30044 1
21865 1
16524 1
53446 1
55423 1
14287 1
8423 1
5766 1
10957 1
40988 1
26990 1
43807 1
37206 1
1026 1
49339 1
38411 1
11638 1
33390 1
11041 1
24456 1
47522 1
9627 1
63887 1
67143 1
33894 1
63885 1
37976 1
50403 1
70122 1
34417 1
53315 1
55162 1
30555 1
51208 1
45371 1
53697 1
13348 1
15747 1
63052 1
36040 1
39814 1
49267 1
21990 1
45837 1
46368 1
60631 1
49212 1
60227 1
49266 1
15228 1
6944 1
25455 1
63095 1
66153 1
40407 1
17782 1
11492 1
22169 1
50780 1
66880 1
4992 1
37584 1
43582 1
25687 1
35577 1
21225 1
29378 1
60886 1
30767 1
70831 1
18928 1
61052 1
1965 1
21058 1
38590 1
2224 1
43654 1
44664 1
61461 1
3234 1
29958 1
14932 1
42052 1
70217 1
56293 1
48968 1
16643 1
11226 1
22851 1
62371 1
46474 1
15099 1
10092 1
15039 1
9331 1
12199 1
51124 1
34299 1
23575 1
53926 1
38315 1
60990 1
20853 1
60425 1
9586 1
64149 1
20435 1
64028 1
34372 1
51925 1
17651 1
39962 1
68706 1
45578 1
15202 1
22244 1
57924 1
48803 1
10328 1
16200 1
18664 1
7898 1
62872 1
63032 1
36852 1
57486 1
68975 1
1734 1
30405 1
55460 1
31337 1
46448 1
43202 1
24315 1
32353 1
56615 1
62201 1
52994 1
63579 1
66156 1
18833 1
14678 1
14852 1
24495 1
50350 1
62407 1
26536 1
17664 1
41642 1
106 1
51906 1
51390 1
27225 1
63503 1
66621 1
58213 1
3785 1
786 1
48302 1
46061 1
50227 1
14221 1
67578 1
40487 1
56737 1
4228 1
49393 1
60400 1
50008 1
24781 1
7308 1
51839 1
2339 1
33519 1
48670 1
18605 1
8903 1
25760 1
29128 1
64216 1
19041 1
68613 1
35217 1
40038 1
14544 1
64889 1
47327 1
39719 1
19485 1
37558 1
8926 1
30276 1
41505 1
32362 1
24734 1
50574 1
23550 1
866 1
37848 1
45906 1
53089 1
57370 1
8889 1
15256 1
59084 1
31682 1
40614 1
24812 1
27698 1
64114 1
6984 1
22724 1
41223 1
13848 1
31548 1
70288 1
59504 1
1059 1
17475 1
35531 1
18462 1
34606 1
29505 1
43738 1
42414 1
20961 1
16209 1
27479 1
24575 1
2608 1
32356 1
57951 1
18270 1
47944 1
17346 1
16495 1
45217 1
31345 1
64691 1
5286 1
41782 1
10503 1
5137 1
12477 1
63062 1
67836 1
49285 1
4698 1
36840 1
40561 1
26875 1
53669 1
40938 1
42892 1
5660 1
29600 1
60526 1
47702 1
58548 1
1404 1
36260 1
49005 1
48573 1
20950 1
65457 1
26965 1
11218 1
1241 1
68958 1
17311 1
58510 1
40197 1
60431 1
26904 1
55233 1
54054 1
4754 1
49372 1
41436 1
59334 1
8811 1
33722 1
55791 1
59846 1
4562 1
32058 1
40505 1
56802 1
33606 1
25188 1
10633 1
27770 1
38850 1
52560 1
50119 1
32777 1
34920 1
27777 1
53994 1
59768 1
13533 1
41903 1
50598 1
4850 1
61992 1
21729 1
7124 1
19627 1
2255 1
13213 1
39170 1
53720 1
30236 1
40325 1
9637 1
45841 1
10205 1
28508 1
30760 1
9289 1
10476 1
20624 1
23920 1
17962 1
43203 1
62957 1
35901 1
53236 1
58153 1
1168 1
59370 1
9207 1
12071 1
8561 1
46705 1
47570 1
61009 1
30889 1
31576 1
66941 1
26984 1
48798 1
25308 1
55415 1
42171 1
23408 1
31740 1
40397 1
67669 1
48577 1
68774 1
52409 1
67150 1
50397 1
26284 1
58256 1
42727 1
69632 1
52544 1
70829 1
63432 1
48941 1
57750 1
10861 1
70345 1
26145 1
26268 1
6363 1
64145 1
29523 1
37473 1
62789 1
32793 1
45666 1
3272 1
53001 1
51916 1
11830 1
51806 1
59179 1
26643 1
45970 1
1724 1
52101 1
62660 1
55264 1
34804 1
65053 1
17607 1
62794 1
3653 1
35640 1
27216 1
57958 1
18384 1
25431 1
1565 1
60487 1
15375 1
18248 1
26316 1
5096 1
1705 1
9402 1
69495 1
34183 1
44908 1
41616 1
13979 1
4157 1
12329 1
46731 1
46921 1
29094 1
36824 1
43125 1
61523 1
65 1
38083 1
40570 1
63803 1
6878 1
70825 1
62177 1
66452 1
54266 1
30253 1
21839 1
42487 1
62534 1
971 1
391 1
65653 1
68879 1
42851 1
963 1
1323 1
58236 1
69883 1
7531 1
65859 1
58017 1
48896 1
49428 1
20544 1
68058 1
58982 1
50695 1
32882 1
10330 1
2783 1
69219 1
65347 1
44265 1
43887 1
59563 1
69584 1
107 1
68406 1
4572 1
18705 1
31227 1
33582 1
28881 1
41685 1
56827 1
21039 1
51089 1
62773 1
40180 1
47609 1
56995 1
32232 1
561 1
3532 1
18279 1
43051 1
66991 1
65679 1
9894 1
16924 1
58677 1
27078 1
36799 1
15200 1
34792 1
2829 1
7987 1
68694 1
19628 1
38696 1
38452 1
61491 1
23649 1
24850 1
27074 1
5788 1
21488 1
33475 1
16153 1
29051 1
42366 1
6991 1
19181 1
7058 1
45859 1
31765 1
55595 1
11307 1
25808 1
66598 1
21061 1
6935 1
36114 1
5837 1
42299 1
39729 1
62392 1
27850 1
28913 1
50692 1
12540 1
50260 1
56229 1
6207 1
56059 1
12186 1
24523 1
26309 1
16388 1
58623 1
19260 1
36593 1
29469 1
21510 1
43041 1
17449 1
5355 1
26971 1
29768 1
13741 1
10585 1
56394 1
66437 1
61467 1
17512 1
40120 1
45212 1
41608 1
63113 1
33049 1
886 1
5764 1
67738 1
70497 1
61773 1
33820 1
23 1
43143 1
2851 1
14601 1
67586 1
22486 1
65614 1
67896 1
51446 1
54502 1
3760 1
22037 1
40300 1
60650 1
50785 1
51679 1
11466 1
50465 1
52872 1
10848 1
26822 1
25395 1
23655 1
40485 1
52649 1
55342 1
28686 1
41470 1
32583 1
26192 1
11385 1
43966 1
13412 1
8175 1
55499 1
43209 1
59781 1
70746 1
54286 1
14987 1
43717 1
23096 1
9518 1
62841 1
54351 1
19576 1
44288 1
2139 1
264 1
45562 1
8678 1
18338 1
27232 1
57778 1
42524 1
29943 1
9026 1
45807 1
49302 1
50241 1
67031 1
17608 1
46585 1
24234 1
21612 1
28250 1
6616 1
19528 1
63657 1
44027 1
43392 1
56053 1
2083 1
64039 1
45675 1
44061 1
61941 1
1840 1
68584 1
58962 1
29142 1
17925 1
12914 1
30105 1
40224 1
3362 1
36063 1
45469 1
13742 1
45424 1
27345 1
69510 1
28088 1
23963 1
68154 1
49197 1
66765 1
29914 1
12938 1
17361 1
18650 1
62497 1
20262 1
24347 1
41699 1
3591 1
38233 1
63605 1
37537 1
5383 1
13012 1
39786 1
15338 1
23019 1
43398 1
50874 1
57890 1
20142 1
17490 1
32359 1
22757 1
25274 1
10118 1
66834 1
48676 1
21773 1
64440 1
48615 1
33295 1
60014 1
39883 1
26519 1
70015 1
32917 1
53150 1
24207 1
4386 1
43900 1
53030 1
27129 1
16174 1
14862 1
28872 1
8876 1
11809 1
9939 1
32701 1
547 1
26351 1
60374 1
65020 1
17096 1
69203 1
40848 1
39485 1
37717 1
491 1
20823 1
2202 1
26411 1
40144 1
38414 1
57279 1
42478 1
16488 1
3828 1
56089 1
3458 1
20330 1
31035 1
41888 1
54447 1
32385 1
44517 1
3128 1
30711 1
30742 1
60930 1
3739 1
35165 1
16321 1
16840 1
65554 1
65818 1
45962 1
22943 1
68249 1
19146 1
22661 1
20691 1
14263 1
11789 1
23205 1
59923 1
49791 1
10238 1
46438 1
29107 1
69911 1
56148 1
723 1
29841 1
59282 1
58994 1
4008 1
8831 1
65522 1
70484 1
18651 1
53698 1
14618 1
592 1
57781 1
60934 1
44657 1
62706 1
58325 1
54443 1
33247 1
21770 1
41637 1
37070 1
35477 1
24831 1
50762 1
57300 1
36491 1
52171 1
65766 1
14874 1
55840 1
58341 1
42957 1
8321 1
23405 1
38108 1
49571 1
7976 1
62638 1
24092 1
41954 1
18019 1
46413 1
44180 1
33123 1
27275 1
14517 1
47925 1
22554 1
13881 1
18756 1
53410 1
35468 1
65583 1
9685 1
26341 1
12826 1
42982 1
48286 1
65286 1
6011 1
45773 1
64185 1
31804 1
10921 1
62160 1
45840 1
51293 1
32055 1
14650 1
69520 1
33037 1
49130 1
1726 1
63483 1
20797 1
43911 1
54119 1
24793 1
37941 1
43652 1
30872 1
24642 1
26138 1
2620 1
14293 1
69575 1
1321 1
16696 1
22999 1
7363 1
49973 1
36507 1
11805 1
33129 1
4459 1
52709 1
34711 1
49737 1
16887 1
50800 1
70488 1
59647 1
23182 1
6635 1
18250 1
24852 1
43548 1
45364 1
38183 1
68311 1
36334 1
42703 1
24496 1
70043 1
17786 1
18783 1
7944 1
8020 1
65550 1
32761 1
55168 1
8364 1
45656 1
62548 1
60686 1
28197 1
34212 1
18411 1
4335 1
39379 1
66247 1
70425 1
69352 1
12047 1
15540 1
27298 1
11857 1
45602 1
69844 1
60634 1
36538 1
7359 1
23608 1
2295 1
47350 1
4444 1
63674 1
63072 1
57579 1
31565 1
41587 1
60600 1
3324 1
45545 1
47475 1
12628 1
23203 1
70252 1
30853 1
49 1
17170 1
45565 1
32922 1
52193 1
53803 1
15096 1
63583 1
30773 1
46712 1
43399 1
58047 1
5904 1
62635 1
2161 1
27913 1
10407 1
67136 1
58026 1
39708 1
65249 1
10 1
47483 1
55177 1
59320 1
15121 1
41339 1
51133 1
34133 1
4385 1
25236 1
383 1
45984 1
32015 1
21320 1
67057 1
14013 1
26358 1
19594 1
49137 1
62600 1
16909 1
31239 1
46282 1
10313 1
25947 1
40213 1
70075 1
37931 1
44962 1
53766 1
24857 1
3570 1
21804 1
68498 1
25540 1
8921 1
62457 1
70940 1
61032 1
61103 1
18884 1
43772 1
24906 1
4935 1
1636 1
6661 1
4284 1
52936 1
65152 1
58136 1
1118 1
41010 1
68812 1
6315 1
14257 1
68224 1
18675 1
60757 1
50252 1
12877 1
55711 1
58253 1
57366 1
58997 1
18433 1
33700 1
61061 1
27151 1
55396 1
5678 1
8344 1
13113 1
46496 1
42232 1
68318 1
29028 1
27118 1
30237 1
70304 1
65010 1
52972 1
43158 1
9747 1
66777 1
32467 1
51451 1
45354 1
14057 1
59958 1
45969 1
62810 1
59609 1
58043 1
65433 1
17103 1
22731 1
10307 1
2748 1
49079 1
61507 1
23075 1
23676 1
68118 1
45133 1
41703 1
10363 1
9164 1
9736 1
17548 1
25392 1
32350 1
35135 1
63862 1
33657 1
3140 1
35692 1
8401 1
56239 1
1864 1
27297 1
16985 1
50036 1
3254 1
41208 1
65665 1
40022 1
26101 1
38769 1
63625 1
29207 1
33510 1
6074 1
27438 1
39512 1
22910 1
45080 1
29147 1
66155 1
12513 1
67253 1
15265 1
54431 1
3822 1
65477 1
34319 1
18199 1
3314 1
42065 1
46128 1
4864 1
44551 1
16683 1
34919 1
59690 1
46501 1
9824 1
4309 1
29291 1
16051 1
23762 1
3647 1
30912 1
10789 1
65503 1
22040 1
21015 1
1881 1
63045 1
20723 1
32517 1
37746 1
2180 1
7949 1
38990 1
44567 1
23520 1
54048 1
46740 1
24377 1
11388 1
43633 1
26292 1
52776 1
37046 1
68447 1
69316 1
4203 1
35121 1
14165 1
16191 1
27704 1
683 1
3916 1
20248 1
10052 1
4156 1
60563 1
69975 1
67966 1
45762 1
69644 1
47950 1
43806 1
31078 1
64813 1
8647 1
44984 1
9082 1
763 1
38316 1
53179 1
15595 1
25628 1
47843 1
12847 1
30972 1
59701 1
11193 1
19311 1
42708 1
22410 1
23233 1
2642 1
60095 1
27242 1
56574 1
51835 1
13251 1
27580 1
67254 1
16837 1
18740 1
9400 1
27136 1
33171 1
7798 1
64900 1
6884 1
67844 1
47115 1
17334 1
17284 1
47851 1
47932 1
10636 1
3777 1
24482 1
19343 1
23933 1
24722 1
38570 1
48726 1
43892 1
56690 1
26646 1
52063 1
2634 1
3804 1
52111 1
344 1
57535 1
50269 1
50446 1
45323 1
43245 1
47910 1
724 1
65795 1
34541 1
20109 1
32112 1
63723 1
60502 1
5259 1
38937 1
17787 1
25116 1
65074 1
27272 1
65632 1
51316 1
46155 1
56025 1
67056 1
69868 1
11421 1
31515 1
49151 1
10501 1
48731 1
29995 1
70355 1
24021 1
57364 1
8591 1
4242 1
24054 1
36138 1
19957 1
40849 1
62524 1
35561 1
69841 1
50754 1
33866 1
66764 1
70687 1
28321 1
51927 1
35139 1
53513 1
4896 1
65160 1
22792 1
38632 1
42083 1
66786 1
47053 1
53912 1
64931 1
7430 1
31413 1
6395 1
51536 1
59114 1
53876 1
24097 1
50748 1
17892 1
25507 1
50311 1
41702 1
55231 1
39893 1
43624 1
31618 1
58698 1
31055 1
14605 1
60721 1
14249 1
21391 1
35002 1
43269 1
48643 1
2704 1
7178 1
55596 1
8764 1
48315 1
52092 1
5069 1
22704 1
12185 1
25705 1
35242 1
16100 1
56038 1
20246 1
64541 1
46139 1
57949 1
49332 1
35400 1
35887 1
26133 1
40278 1
9081 1
30815 1
27185 1
41647 1
35634 1
19059 1
30532 1
17531 1
1394 1
64915 1
63843 1
52045 1
46950 1
62711 1
61144 1
38691 1
32445 1
39831 1
2304 1
46489 1
28606 1
44686 1
45483 1
19535 1
30129 1
68200 1
36653 1
10066 1
38368 1
18502 1
7644 1
16336 1
50339 1
47831 1
21573 1
35341 1
17823 1
36276 1
52910 1
30269 1
4549 1
38730 1
1884 1
67980 1
19446 1
18768 1
51993 1
12561 1
59945 1
43043 1
8297 1
31059 1
42573 1
51763 1
23673 1
37758 1
8864 1
25979 1
27237 1
3511 1
31587 1
41591 1
29205 1
41865 1
14962 1
42263 1
62645 1
39181 1
35912 1
34597 1
14963 1
14400 1
44518 1
3914 1
41113 1
8109 1
30242 1
62779 1
57596 1
6092 1
68148 1
15040 1
9409 1
54392 1
37732 1
3925 1
52137 1
34667 1
25172 1
65792 1
61787 1
49240 1
58850 1
50650 1
27676 1
8488 1
14468 1
55760 1
31329 1
44937 1
54070 1
12070 1
46876 1
9514 1
63486 1
1516 1
67357 1
42506 1
48926 1
22352 1
1522 1
18990 1
11284 1
12190 1
10864 1
26384 1
24880 1
59224 1
45314 1
62657 1
2953 1
21080 1
59343 1
23474 1
47279 1
6152 1
60160 1
58412 1
6428 1
7775 1
12038 1
43393 1
70116 1
38093 1
47446 1
12888 1
48402 1
9852 1
40967 1
28052 1
61980 1
49398 1
16107 1
16149 1
2519 1
14638 1
10485 1
34536 1
9699 1
52121 1
70233 1
69755 1
1577 1
37203 1
51905 1
52871 1
55102 1
12717 1
70496 1
47531 1
153 1
37920 1
8660 1
24545 1
51203 1
64504 1
39568 1
4679 1
16705 1
10675 1
34050 1
28515 1
58735 1
12869 1
45983 1
21905 1
67511 1
15710 1
20194 1
69252 1
43064 1
32283 1
38713 1
10311 1
26590 1
25816 1
65912 1
11562 1
23766 1
59613 1
56413 1
28691 1
68479 1
30607 1
44793 1
22319 1
47149 1
52984 1
42856 1
67166 1
64962 1
34275 1
15980 1
12657 1
61150 1
50694 1
44433 1
8352 1
37538 1
10107 1
10873 1
2352 1
66841 1
65425 1
12880 1
1050 1
55379 1
70511 1
10482 1
23724 1
25924 1
43689 1
39497 1
3263 1
57382 1
60560 1
1729 1
54490 1
45404 1
27918 1
4235 1
47277 1
41333 1
64893 1
49254 1
69327 1
56571 1
369 1
22623 1
17740 1
29766 1
29296 1
43113 1
1014 1
46307 1
2193 1
36331 1
42323 1
70280 1
32092 1
16375 1
41673 1
47886 1
34334 1
44613 1
33422 1
32024 1
40411 1
35060 1
37130 1
4958 1
45291 1
54398 1
2959 1
55516 1
40169 1
34358 1
19071 1
69169 1
4123 1
23174 1
64995 1
19601 1
31503 1
36388 1
64611 1
15220 1
52345 1
35055 1
19564 1
19843 1
44222 1
52112 1
40562 1
50016 1
10582 1
49564 1
2677 1
33731 1
25553 1
15997 1
32269 1
11547 1
56114 1
11676 1
13602 1
16988 1
15609 1
63682 1
63972 1
6774 1
27018 1
13621 1
54692 1
14698 1
12105 1
41659 1
6335 1
7499 1
43283 1
34230 1
66747 1
36443 1
40805 1
62863 1
12591 1
37128 1
33301 1
24028 1
67515 1
33320 1
66380 1
7203 1
42684 1
595 1
13778 1
69415 1
19064 1
16342 1
65027 1
66701 1
61335 1
55032 1
31087 1
23362 1
42474 1
53903 1
2109 1
38160 1
48210 1
66998 1
10909 1
35906 1
43634 1
41766 1
67824 1
12443 1
22719 1
15704 1
23207 1
35067 1
14699 1
33438 1
58311 1
11715 1
67299 1
57893 1
33082 1
41833 1
37379 1
24132 1
22356 1
22038 1
11335 1
61224 1
13118 1
35621 1
70723 1
3354 1
61043 1
11741 1
45693 1
54543 1
9415 1
9499 1
13310 1
16493 1
25424 1
24617 1
68675 1
6555 1
45682 1
21706 1
30327 1
2395 1
21281 1
51257 1
70668 1
27259 1
11685 1
35073 1
66350 1
60280 1
24026 1
28423 1
38732 1
29382 1
26085 1
18474 1
48840 1
1835 1
70478 1
64551 1
38417 1
56442 1
17411 1
8029 1
64731 1
32041 1
27910 1
35482 1
37159 1
1167 1
64554 1
20621 1
10838 1
48970 1
55486 1
34918 1
39427 1
8110 1
52900 1
58037 1
66938 1
45894 1
53755 1
42602 1
48619 1
20593 1
16078 1
9209 1
70574 1
7819 1
54826 1
1618 1
28107 1
46974 1
12081 1
61676 1
27091 1
55474 1
4485 1
36795 1
43780 1
40714 1
44752 1
3808 1
60320 1
22975 1
8717 1
65208 1
738 1
34347 1
50354 1
54163 1
30963 1
30345 1
20926 1
1485 1
9137 1
11883 1
15296 1
59222 1
10091 1
20764 1
31736 1
5877 1
14697 1
67624 1
35890 1
63060 1
61672 1
9083 1
51740 1
64970 1
25884 1
52533 1
25372 1
13120 1
12 1
67850 1
41004 1
63231 1
18012 1
35123 1
13263 1
23588 1
66788 1
53667 1
35350 1
39459 1
35164 1
16972 1
28281 1
4446 1
45976 1
60829 1
64877 1
35481 1
70154 1
11701 1
38840 1
3395 1
4251 1
28269 1
6246 1
34634 1
31926 1
56073 1
50204 1
70458 1
28917 1
60038 1
21362 1
7161 1
61619 1
27590 1
37367 1
16066 1
24977 1
15655 1
25063 1
40282 1
56803 1
65799 1
33233 1
9590 1
2708 1
62280 1
7179 1
15429 1
34191 1
61185 1
59723 1
9453 1
34801 1
13166 1
30430 1
19267 1
21867 1
11401 1
38399 1
70060 1
48965 1
29408 1
69268 1
30272 1
65421 1
45222 1
68968 1
69548 1
63889 1
8520 1
40228 1
9337 1
54087 1
4713 1
66498 1
7294 1
47396 1
31607 1
56374 1
69010 1
17403 1
26525 1
3345 1
9221 1
58525 1
33096 1
10360 1
22669 1
19633 1
33174 1
4276 1
67582 1
55607 1
49334 1
59953 1
6121 1
63757 1
8883 1
36004 1
33584 1
44445 1
5089 1
55065 1
40567 1
45418 1
7659 1
23445 1
41367 1
45261 1
41307 1
10826 1
68726 1
39813 1
7246 1
20033 1
5643 1
8530 1
34241 1
2265 1
42634 1
44736 1
25738 1
2757 1
3761 1
36514 1
29255 1
34400 1
56437 1
16074 1
42491 1
31111 1
64747 1
63858 1
22871 1
13218 1
67675 1
14629 1
6894 1
67137 1
33165 1
22489 1
365 1
49820 1
16435 1
39164 1
70390 1
57086 1
36112 1
65078 1
7310 1
52203 1
11403 1
4096 1
48335 1
28790 1
50671 1
15653 1
69754 1
41779 1
2565 1
67713 1
3500 1
24511 1
26415 1
5403 1
55216 1
22379 1
21153 1
48947 1
43844 1
19512 1
58432 1
6019 1
5461 1
45820 1
64127 1
40773 1
42314 1
1172 1
60682 1
61235 1
63261 1
25200 1
63275 1
6959 1
3444 1
30655 1
28385 1
15333 1
15959 1
52446 1
15264 1
57580 1
43741 1
58751 1
974 1
32936 1
19604 1
15657 1
46953 1
27496 1
62426 1
4875 1
13138 1
50361 1
38007 1
20051 1
30581 1
17161 1
55092 1
25550 1
34382 1
5215 1
34539 1
3913 1
41173 1
61528 1
32336 1
23319 1
49378 1
67275 1
44471 1
55554 1
24365 1
39307 1
22835 1
65915 1
28419 1
457 1
57394 1
43863 1
47734 1
48538 1
70871 1
57936 1
6435 1
25040 1
41960 1
32054 1
47345 1
29919 1
56079 1
48601 1
54788 1
66996 1
64237 1
41528 1
23965 1
19207 1
56375 1
50125 1
19101 1
5583 1
66942 1
56056 1
33542 1
27982 1
16359 1
55457 1
56609 1
4179 1
55189 1
38409 1
16155 1
40701 1
31033 1
41562 1
40098 1
12022 1
21127 1
36783 1
58044 1
27976 1
51519 1
2805 1
14238 1
66513 1
47341 1
52782 1
28503 1
23403 1
68342 1
15995 1
64917 1
29786 1
31088 1
65960 1
40349 1
27593 1
44401 1
2002 1
49033 1
38082 1
20763 1
53962 1
68535 1
26722 1
11515 1
8332 1
56779 1
14373 1
54565 1
10049 1
63233 1
37850 1
52144 1
1007 1
43382 1
43882 1
15822 1
63919 1
51796 1
21327 1
24362 1
60713 1
21493 1
29071 1
44149 1
31184 1
37640 1
61324 1
18748 1
26556 1
53919 1
12153 1
5772 1
15966 1
40618 1
38663 1
26462 1
3366 1
55717 1
2643 1
39721 1
46777 1
59046 1
37026 1
11979 1
36113 1
61030 1
35098 1
65697 1
19280 1
30874 1
19210 1
2269 1
64378 1
4398 1
32635 1
7477 1
68894 1
47802 1
24498 1
33549 1
3941 1
70913 1
22748 1
22216 1
4837 1
37934 1
36407 1
24692 1
68874 1
6795 1
59460 1
13147 1
67348 1
46213 1
17852 1
24104 1
15802 1
30005 1
25384 1
20348 1
40603 1
46577 1
42883 1
18098 1
68768 1
24073 1
60574 1
49034 1
41854 1
39409 1
65685 1
55134 1
52376 1
11479 1
55224 1
46002 1
64732 1
54018 1
55360 1
44025 1
65268 1
14873 1
26533 1
30251 1
39229 1
59796 1
36203 1
58163 1
31044 1
58079 1
44706 1
15305 1
48408 1
10823 1
53626 1
26578 1
67811 1
47207 1
27400 1
55044 1
64224 1
25811 1
21958 1
23953 1
29136 1
24336 1
64169 1
9468 1
44031 1
50369 1
22752 1
53802 1
26874 1
67148 1
4789 1
10347 1
28618 1
3538 1
17605 1
31259 1
28630 1
3261 1
62527 1
20931 1
65933 1
17830 1
65572 1
59559 1
58429 1
49438 1
21107 1
7627 1
39089 1
62513 1
38584 1
65603 1
68751 1
25741 1
24266 1
59458 1
68175 1
33554 1
7244 1
15782 1
22170 1
39808 1
60833 1
26107 1
7125 1
17480 1
21911 1
4531 1
35261 1
9086 1
63890 1
34401 1
42991 1
7660 1
57373 1
53465 1
38169 1
45226 1
20611 1
13469 1
4138 1
67336 1
63805 1
30265 1
41610 1
29370 1
59928 1
9256 1
61126 1
28859 1
50109 1
29804 1
61508 1
49900 1
2809 1
42730 1
48457 1
14426 1
35487 1
17048 1
47641 1
5915 1
22446 1
68593 1
3601 1
40189 1
60693 1
43157 1
47429 1
26045 1
32531 1
62566 1
12507 1
17407 1
68345 1
38397 1
31572 1
61219 1
54372 1
16326 1
1144 1
44297 1
22951 1
45316 1
51473 1
55320 1
30958 1
62813 1
37887 1
54898 1
44221 1
27959 1
68393 1
46094 1
917 1
18972 1
31300 1
58226 1
63228 1
3171 1
4301 1
33501 1
16205 1
67679 1
6411 1
9184 1
41953 1
2560 1
36882 1
9425 1
25358 1
59382 1
38710 1
65250 1
23347 1
69128 1
4023 1
8667 1
19266 1
20104 1
18711 1
31157 1
3947 1
59872 1
14732 1
15027 1
19780 1
26271 1
49470 1
44042 1
16112 1
38998 1
61478 1
34180 1
6658 1
64996 1
19668 1
58140 1
59906 1
46074 1
69664 1
2392 1
21720 1
62018 1
20540 1
25244 1
38833 1
59039 1
21001 1
61095 1
21988 1
63895 1
32009 1
29740 1
27974 1
62176 1
41824 1
3409 1
67557 1
27901 1
47157 1
53571 1
54997 1
49884 1
6929 1
18835 1
28299 1
65756 1
32989 1
28464 1
52626 1
26077 1
10584 1
61318 1
19848 1
12672 1
56332 1
16813 1
63439 1
17663 1
12841 1
44647 1
33792 1
20278 1
59643 1
47463 1
66616 1
56797 1
42795 1
45744 1
8973 1
57772 1
65889 1
29764 1
46199 1
67872 1
9495 1
66708 1
10595 1
21655 1
30602 1
7741 1
54991 1
6128 1
8539 1
19759 1
39050 1
34460 1
18482 1
9301 1
69962 1
67453 1
64546 1
43458 1
53106 1
70799 1
37858 1
28631 1
66306 1
30449 1
10081 1
302 1
40923 1
64235 1
3933 1
18375 1
66553 1
47237 1
7418 1
3311 1
18345 1
13612 1
62565 1
34660 1
6083 1
24383 1
34065 1
44836 1
29069 1
25510 1
70353 1
61675 1
29497 1
42102 1
62334 1
1993 1
38029 1
16832 1
17432 1
41691 1
29005 1
31357 1
43604 1
54325 1
47097 1
39611 1
16632 1
37123 1
38430 1
58537 1
7215 1
39707 1
46508 1
2614 1
9766 1
20641 1
59922 1
57322 1
41907 1
59524 1
68742 1
17932 1
22653 1
62406 1
42945 1
2220 1
69690 1
48957 1
2540 1
7267 1
36741 1
20473 1
16201 1
38314 1
49447 1
19349 1
16420 1
4581 1
12139 1
3869 1
56379 1
29226 1
67648 1
41564 1
66657 1
17523 1
8849 1
40481 1
27523 1
24993 1
23247 1
29887 1
41520 1
19445 1
52896 1
60261 1
64297 1
18755 1
40193 1
1846 1
36995 1
32259 1
65343 1
62866 1
28605 1
70627 1
417 1
41783 1
62354 1
4116 1
52183 1
19590 1
52035 1
27967 1
1578 1
22467 1
46787 1
43213 1
31319 1
45899 1
25037 1
59441 1
40474 1
33208 1
36887 1
66800 1
25385 1
40761 1
70153 1
7588 1
14044 1
69250 1
10642 1
36160 1
64809 1
24620 1
38035 1
8645 1
7454 1
57839 1
40740 1
30749 1
2071 1
41619 1
60975 1
19129 1
62972 1
63536 1
15240 1
8510 1
63716 1
37662 1
16262 1
58837 1
17945 1
59140 1
13624 1
17792 1
24952 1
43116 1
5322 1
15662 1
30568 1
64601 1
7172 1
10618 1
32185 1
26319 1
15978 1
4649 1
17131 1
64474 1
58974 1
70528 1
37996 1
68323 1
26189 1
36280 1
53144 1
29910 1
56181 1
47662 1
27121 1
28857 1
37859 1
14098 1
8225 1
68953 1
27338 1
39186 1
3031 1
5476 1
23108 1
53483 1
23007 1
42264 1
10213 1
50749 1
34365 1
57527 1
62047 1
57726 1
64431 1
4175 1
57200 1
3719 1
37898 1
40343 1
43253 1
40588 1
45805 1
63309 1
36067 1
65852 1
12912 1
2387 1
8901 1
57223 1
40857 1
26071 1
53733 1
68891 1
61663 1
44251 1
16293 1
27255 1
42308 1
46012 1
19005 1
67090 1
68730 1
4532 1
6465 1
44071 1
21334 1
57005 1
40854 1
34281 1
28926 1
24196 1
15679 1
54797 1
24235 1
48088 1
19616 1
61358 1
57036 1
52119 1
48682 1
51659 1
1558 1
69950 1
59912 1
26815 1
61594 1
61059 1
36879 1
35917 1
34925 1
37946 1
262 1
11667 1
63888 1
64634 1
48207 1
54192 1
29074 1
26863 1
3091 1
27092 1
20566 1
8360 1
11093 1
43588 1
17088 1
10706 1
44788 1
2789 1
27442 1
66122 1
28669 1
41890 1
8804 1
21442 1
67605 1
7594 1
48248 1
49531 1
10361 1
10537 1
21174 1
43670 1
54287 1
39154 1
32321 1
18362 1
7542 1
31813 1
47911 1
4176 1
32307 1
63196 1
27352 1
53070 1
69875 1
22717 1
69972 1
19367 1
19743 1
23488 1
42594 1
50174 1
9758 1
59475 1
45242 1
40540 1
6038 1
40387 1
42553 1
55403 1
61147 1
4134 1
26949 1
53010 1
43805 1
1899 1
41569 1
54806 1
57129 1
51606 1
36303 1
28940 1
4267 1
29300 1
16553 1
37372 1
19990 1
65696 1
69242 1
51462 1
23891 1
9660 1
17673 1
40418 1
24541 1
42662 1
38400 1
59438 1
14775 1
66480 1
26834 1
49515 1
56627 1
55697 1
1640 1
28992 1
68231 1
17379 1
49102 1
19453 1
20754 1
55511 1
45679 1
7921 1
18604 1
47618 1
34042 1
2893 1
60210 1
17758 1
27033 1
6314 1
26786 1
7985 1
66276 1
9367 1
27473 1
67644 1
22518 1
52057 1
67266 1
100 1
64847 1
15322 1
61558 1
70297 1
30653 1
62131 1
54951 1
50730 1
16798 1
51996 1
61249 1
13252 1
49615 1
43370 1
8134 1
24326 1
55325 1
50170 1
23076 1
60967 1
68536 1
37491 1
48225 1
67772 1
65733 1
43826 1
30331 1
67830 1
44637 1
58238 1
30122 1
33487 1
42787 1
57615 1
45384 1
20101 1
38140 1
43648 1
54836 1
35119 1
54672 1
13069 1
45741 1
26425 1
41791 1
42207 1
63381 1
15276 1
68702 1
46104 1
10927 1
26332 1
41463 1
7147 1
34752 1
57946 1
57302 1
52169 1
9557 1
21746 1
62549 1
3759 1
68253 1
55466 1
29666 1
17686 1
65236 1
33562 1
2671 1
11040 1
40452 1
64924 1
67909 1
58887 1
67021 1
11210 1
677 1
43927 1
2878 1
56757 1
357 1
64161 1
31506 1
22494 1
5603 1
10128 1
32389 1
4571 1
13725 1
59101 1
42378 1
21111 1
34521 1
49183 1
69469 1
273 1
1326 1
25881 1
5113 1
8341 1
64478 1
53188 1
7248 1
6524 1
54724 1
37125 1
68096 1
57718 1
35597 1
16044 1
65768 1
18488 1
69613 1
19538 1
42240 1
2649 1
9835 1
21899 1
31251 1
238 1
20460 1
63 1
31764 1
8131 1
47319 1
57780 1
16448 1
39979 1
10203 1
30139 1
35521 1
10160 1
28304 1
68577 1
9452 1
6651 1
25325 1
63620 1
28786 1
20344 1
70657 1
67969 1
54300 1
49257 1
28426 1
63157 1
8554 1
50869 1
56677 1
44092 1
61899 1
31606 1
29724 1
36355 1
20086 1
41998 1
38755 1
15233 1
43848 1
43028 1
44484 1
39298 1
11059 1
46461 1
3007 1
67853 1
30381 1
1406 1
33007 1
28228 1
60322 1
50198 1
61182 1
51216 1
40142 1
59358 1
39023 1
37992 1
39757 1
51934 1
25393 1
60786 1
60620 1
23999 1
37774 1
1878 1
57896 1
41014 1
25960 1
62659 1
53552 1
16216 1
11670 1
47211 1
67619 1
7520 1
62934 1
43573 1
55741 1
7947 1
29267 1
68091 1
56085 1
52070 1
49876 1
55918 1
69556 1
12951 1
41222 1
41389 1
57198 1
54238 1
12920 1
25466 1
14015 1
61626 1
59070 1
5281 1
16914 1
25856 1
7783 1
6716 1
25995 1
35415 1
40550 1
54505 1
52950 1
26541 1
9592 1
40821 1
279 1
54006 1
69591 1
66419 1
20512 1
3586 1
29760 1
9899 1
23756 1
25417 1
27244 1
30934 1
20447 1
8860 1
57788 1
54171 1
25319 1
59013 1
62356 1
28471 1
20724 1
7518 1
55887 1
54084 1
23745 1
47638 1
22657 1
38381 1
34623 1
53565 1
13673 1
39740 1
62876 1
24033 1
43014 1
56484 1
62966 1
50140 1
26842 1
37186 1
54427 1
64111 1
63868 1
33954 1
49670 1
28106 1
9634 1
41639 1
33272 1
56311 1
6494 1
22578 1
63039 1
11037 1
48915 1
32745 1
24567 1
35573 1
34800 1
46229 1
4798 1
48143 1
20969 1
421 1
69642 1
63693 1
62825 1
32884 1
18962 1
48886 1
53660 1
31244 1
8315 1
35839 1
39983 1
48767 1
32615 1
18273 1
63172 1
7057 1
42873 1
12403 1
23154 1
19055 1
62108 1
29397 1
38366 1
62760 1
61736 1
736 1
16834 1
48565 1
49394 1
64921 1
55146 1
36310 1
42909 1
19277 1
26550 1
12461 1
33107 1
23183 1
8799 1
8276 1
65566 1
58703 1
28387 1
2184 1
39335 1
4997 1
39871 1
40814 1
58629 1
65677 1
63703 1
39900 1
66169 1
59806 1
55583 1
33815 1
31406 1
49985 1
4709 1
21113 1
45663 1
58252 1
26452 1
13418 1
12150 1
61889 1
27477 1
19254 1
27546 1
29150 1
48460 1
57476 1
45033 1
49887 1
19625 1
7850 1
31634 1
19965 1
26745 1
57585 1
67828 1
69130 1
33666 1
54089 1
31633 1
17890 1
25753 1
51663 1
43123 1
41836 1
8010 1
8885 1
29800 1
18167 1
61331 1
27436 1
45737 1
1683 1
70560 1
64919 1
53437 1
34304 1
9457 1
65384 1
47833 1
61288 1
26718 1
46259 1
22755 1
1983 1
65667 1
8049 1
18583 1
55724 1
50852 1
60351 1
34352 1
11217 1
51483 1
24609 1
70548 1
46118 1
49359 1
43713 1
15273 1
33072 1
10604 1
14708 1
27025 1
57294 1
58469 1
31589 1
42697 1
25001 1
66348 1
27834 1
6294 1
69592 1
51808 1
50193 1
32909 1
26664 1
46120 1
34858 1
66623 1
18265 1
70541 1
64939 1
17546 1
40666 1
55463 1
27737 1
50940 1
22485 1
55345 1
45493 1
28594 1
25190 1
58551 1
59214 1
12714 1
28580 1
20329 1
2163 1
67987 1
53157 1
4210 1
39875 1
63958 1
37759 1
58009 1
2158 1
12163 1
60223 1
30500 1
16647 1
14903 1
25698 1
27144 1
33065 1
52400 1
45577 1
2278 1
37615 1
20943 1
30029 1
43847 1
1480 1
30793 1
58516 1
28735 1
24096 1
9759 1
11208 1
8918 1
27999 1
55228 1
30125 1
43507 1
39125 1
62082 1
31817 1
37708 1
24265 1
47038 1
19155 1
30470 1
36842 1
31887 1
66048 1
501 1
32967 1
38097 1
36009 1
60301 1
64739 1
40165 1
10919 1
37753 1
16554 1
17937 1
56535 1
15547 1
60714 1
31408 1
25730 1
4390 1
9949 1
62229 1
1658 1
70565 1
70309 1
18006 1
29104 1
934 1
27294 1
29317 1
18883 1
49454 1
66055 1
28418 1
4018 1
44079 1
25237 1
42464 1
5548 1
13140 1
3707 1
2752 1
17435 1
66854 1
4720 1
65681 1
66360 1
22007 1
66022 1
3149 1
16835 1
37189 1
41480 1
70117 1
22294 1
37440 1
42906 1
53493 1
57411 1
44743 1
23396 1
61465 1
36270 1
6767 1
6010 1
21643 1
2271 1
42655 1
24346 1
5554 1
49941 1
34978 1
36838 1
10603 1
12144 1
69712 1
64622 1
35303 1
31338 1
26059 1
7213 1
55002 1
59591 1
31041 1
59234 1
14243 1
47075 1
50309 1
60681 1
1182 1
38898 1
46887 1
9594 1
24574 1
13037 1
53237 1
18333 1
65674 1
63985 1
60047 1
60350 1
33013 1
6923 1
57692 1
24570 1
10074 1
52178 1
42419 1
68717 1
62178 1
16803 1
61806 1
55455 1
48550 1
4763 1
38605 1
3058 1
60125 1
1779 1
8465 1
13667 1
56921 1
50314 1
48264 1
38002 1
33502 1
65936 1
47930 1
60727 1
68202 1
63829 1
63207 1
10163 1
45981 1
29231 1
40206 1
39448 1
9983 1
3626 1
66761 1
9048 1
45365 1
62414 1
43222 1
29177 1
4270 1
35278 1
26581 1
36769 1
36986 1
33305 1
60927 1
39685 1
51556 1
69956 1
46931 1
56632 1
15527 1
65536 1
24171 1
53677 1
45497 1
10247 1
29474 1
12752 1
28485 1
35883 1
22079 1
58496 1
10326 1
54468 1
4982 1
10441 1
19771 1
929 1
27050 1
46415 1
9437 1
32206 1
7251 1
4141 1
25584 1
64662 1
39575 1
57613 1
69878 1
23296 1
5853 1
6646 1
64370 1
32665 1
8429 1
50253 1
23826 1
26173 1
66260 1
53432 1
43130 1
4192 1
22222 1
26734 1
16937 1
56598 1
55681 1
12782 1
21208 1
8518 1
60882 1
47993 1
18793 1
6107 1
32075 1
19250 1
36808 1
18215 1
9445 1
39919 1
30560 1
52982 1
57362 1
14361 1
60218 1
17501 1
54939 1
4655 1
57767 1
24535 1
65108 1
2890 1
43059 1
1113 1
38473 1
56730 1
22159 1
42305 1
66906 1
28625 1
56517 1
3948 1
38573 1
67608 1
27433 1
40566 1
36868 1
23552 1
68380 1
19014 1
30616 1
15773 1
